12121.71
12136.44
12226.73
12221.93
12194.13
12283.85
12331.6
12309.25
12278.41
12307.48
12328.48
12315.58
12317.5
12416.76
12445.52
12441.27
12471.32
12463.87
12421.25
12343.21
12407.63
12510.57
12501.52
12463.15
12474.52
12480.69
12398.01
12423.49
12416.6
12442.16
12514.98
12556.08
12582.59
12577.15
12567.93
12565.53
12477.16
12533.8
12621.77
12502.56
12487.02
12490.78
12523.31
12621.69
12673.68
12653.49
12661.74
12666.31
12666.87
12637.63
12580.83
12552.55
12654.85
12741.86
12765.01
12767.57
12786.64
12738.41
12686.02
12647.48
12632.26
12216.24
12268.63
12234.34
12114.1
12050.41
12207.59
12192.45
12260.7
12276.32
12318.62
12075.96
12133.4
12159.68
12110.41
12226.17
12288.1
12447.52
12461.14
12481.01
12469.07
12397.29
12300.36
12348.75
12354.35
12382.3
12510.93
12530.05
12560.83
12569.14
12573.85
12484.62
12552.96
12612.13
12720.46
12773.04
12803.84
12808.63
12961.98
12919.4
12953.94
13089.89
13105.5
13120.94
13062.91
13136.14
13211.88
13241.38
13264.62
13312.97
13309.07
13362.87
13215.13
13326.22
13346.78
13383.84
13487.53
13476.72
13556.53
13542.88
13539.95
13525.65
13441.13
13507.28
13521.34
13633.08
13627.64
13668.11
13676.32
13595.46
13465.67
13266.73
13424.39
13424.96
13295.01
13482.35
13553.73
13639.48
13612.98
13635.42
13489.42
13545.84
13360.26
13352.05
13337.66
13427.73
13422.28
13408.62
13535.43
13577.3
13565.84
13611.68
13649.97
13501.7
13577.87
13861.73
13907.25
13950.98
13971.55
13918.22
14000.41
13851.08
13943.42
13716.95
13785.07
13473.57
13265.47
13358.31
13211.99
13362.37
13463.33
13181.91
13468.78
13504.3
13657.86
13270.68
13239.54
13236.53
13028.92
12861.47
12845.78
13079.08
13121.35
13090.86
13236.13
13235.88
13378.87
13322.13
13041.85
13289.29
13238.73
13357.74
13448.86
13305.47
13363.35
13113.38
13127.85
13308.39
13291.65
13424.88
13442.52
13403.42
13739.39
13815.56
13766.7
13820.19
13759.06
13778.65
13878.15
13912.94
13895.63
14087.55
14047.31
13968.05
13974.31
14066.01
14043.73
14164.53
14078.69
14015.12
14093.08
13984.8
13912.94
13892.54
13888.96
13522.02
13566.97
13676.23
13675.25
13671.92
13806.7
13870.26
13792.47
13930.01
13567.87
13595.1
13543.4
13660.94
13300.02
13266.29
13042.74
12987.55
13307.09
13231.01
13110.05
13176.79
12958.44
13010.14
12799.04
12980.88
12743.44
12958.44
13289.45
13311.73
13371.72
13314.57
13248.73
13444.96
13619.89
13625.58
13727.03
13432.77
13473.9
13517.96
13339.85
13167.2
13232.47
13207.27
13245.64
13450.65
13550.04
13551.69
13359.61
13365.87
13264.82
13043.96
13056.72
12800.18
12827.49
12589.07
12735.31
12853.09
12606.3
12778.15
12501.11
12466.16
12159.21
12099.3
11971.19
12270.17
12378.61
12207.17
12383.89
12480.3
12442.83
12650.36
12743.19
12635.16
12265.13
12200.1
12247
12182.13
12240.01
12373.41
12552.24
12376.98
12348.21
12337.22
12427.26
12284.3
12381.02
12570.22
12684.92
12694.28
12582.18
12266.39
12258.9
12213.8
12254.99
12040.39
11893.69
11740.15
12156.81
12110.24
12145.74
11951.09
11972.25
12392.66
12099.66
12361.32
12548.64
12532.6
12422.86
12302.46
12216.4
12262.89
12654.36
12608.92
12626.03
12609.42
12612.43
12576.44
12527.26
12581.98
12325.42
12302.06
12362.47
12619.27
12620.49
12849.36
12825.02
12720.23
12763.22
12848.95
12891.86
12871.75
12831.94
12820.13
13010
13058.2
12969.54
13020.83
12814.35
12866.78
12745.88
12876.05
12832.18
12898.38
12992.66
12986.8
13028.16
12828.68
12601.19
12625.62
12479.63
12548.35
12594.03
12646.22
12638.32
12503.82
12402.85
12390.48
12604.45
12209.81
12280.32
12289.76
12083.77
12141.58
12307.35
12269.08
12160.3
12029.06
12063.09
11842.69
11842.36
11807.43
11811.83
11453.42
11346.51
11350.01
11382.26
11215.51
11288.53
11231.96
11384.21
11147.44
11229.02
11100.54
11055.19
10962.54
11239.28
11446.66
11496.57
11467.34
11602.5
11632.38
11349.28
11370.69
11131.08
11397.56
11583.69
11378.02
11326.32
11284.15
11615.77
11656.07
11431.43
11734.32
11782.35
11642.47
11532.96
11615.93
11659.9
11479.39
11348.55
11417.43
11430.21
11628.06
11386.25
11412.87
11502.51
11715.18
11543.55
11516.92
11532.88
11188.23
11220.96
11510.74
11230.73
11268.92
11433.71
11421.99
10917.51
11059.02
10609.66
11019.69
11388.44
11015.69
10854.17
10825.